5.580589596813810822e-15
1.330786179535386375e-03
2.565295003747303671e-03
3.707241781686271710e-03
4.760327194450911931e-03
5.728230089094168628e-03
6.614600400809575627e-03
7.423052244164403402e-03
8.157157212573970528e-03
8.820437923098663896e-03
9.416361841404142369e-03
9.948335418925662380e-03
1.041969857148525996e-02
1.083371952526883397e-02
1.119359005287798997e-02
1.150242111845505011e-02
1.176323894745626153e-02
1.197898153273772859e-02
1.215249558513818544e-02
1.228653393282039090e-02
1.238375337026484738e-02
1.244671295404780817e-02
1.247787273943392131e-02
1.247959294836577769e-02
1.245413355672787999e-02
1.240365428575381478e-02
1.233021498023782747e-02
1.223577635373556197e-02
1.212220107929465676e-02
1.199125520236878767e-02
1.184460985151960903e-02
1.168384322123432704e-02
1.151044280072945937e-02
1.132580782193291433e-02
1.113125189993727573e-02
1.092800583909545910e-02
1.071722057852922752e-02
1.049997025119050846e-02
1.027725533163469790e-02
1.005000584844309430e-02
9.819084638579753804e-03
9.585290622061589522e-03
9.349362076901027163e-03
9.111979895593345230e-03
8.873770806137614570e-03
8.635310542018995866e-03
8.397126947343205167e-03
8.159703004793137163e-03
7.923479775807769354e-03
7.688859243828606756e-03
7.456207053090384805e-03
7.225855136783612860e-03
6.998104229898702289e-03
6.773226263272814386e-03
6.551466636658433151e-03
6.333046369674575835e-03
6.118164130595078742e-03
5.906998143784900762e-03
5.699707977477904211e-03
5.496436214257431618e-03
5.297310007277041335e-03
5.102442525744967095e-03
4.911934293679149320e-03
4.725874426258875986e-03
4.544341768409804888e-03
4.367405940431497852e-03
4.195128295638955382e-03
4.027562795038411997e-03
3.864756804097841270e-03
3.706751816622164738e-03
3.553584110687308534e-03
3.405285341461576545e-03
3.261883075615671420e-03
3.123401271843988334e-03
2.989860711843788776e-03
2.861279385886728380e-03
2.737672836911679737e-03
2.619054466838796787e-03
2.505435808585638417e-03
2.396826767033739813e-03
2.293235831973819937e-03
2.194670265832128573e-03
2.101136268768558600e-03
2.012639123525443875e-03
1.929183322208897697e-03
1.850772676991546250e-03
1.777410416547217176e-03
1.709099269856458308e-03
1.645841538864242174e-03
1.587639161321659003e-03
1.534493765007110449e-03
1.486406714394674072e-03
1.443379150721517575e-03
1.405412026298765230e-03
1.372506133813415977e-03
1.344662131279869728e-03
1.321880563219812689e-03
1.304161878576320065e-03
1.291506445802968750e-03
1.283914565509632110e-03
1.281386480993952593e-03
1.283922386939744626e-03
1.291522436521005349e-03
1.304186747111560265e-03
1.321915404765700453e-03
1.344708467603497170e-03
1.372565968205660247e-03
1.405487915096162660e-03
1.443474293366044710e-03
1.486525064468350622e-03
1.534640165191682257e-03
1.587819505797933564e-03
1.646062967288047839e-03
1.709370397737755478e-03
1.777741607622842883e-03
1.851176364030209355e-03
1.929674383626519803e-03
2.013235324230261501e-03
2.101858774805208992e-03
2.195544243663348407e-03
2.294291144632958773e-03
2.398098780912467920e-03
2.506966326292674099e-03
2.620892803388643038e-03
2.739877058477896508e-03
2.863917732493101876e-03
2.993013227665261740e-03
3.127161669257147360e-03
3.266360861766401565e-03
3.410608238913164295e-03
3.559900806658381975e-03
3.714235078425999828e-03
3.873607001625309527e-03
4.038011874488797552e-03
4.207444252156364653e-03
4.381897840848905309e-03
4.561365378883584613e-03
4.745838503190046541e-03
4.935307599892109834e-03
5.129761637423698069e-03
5.329187980552156818e-03
5.533572183587011535e-03
5.742897760959639331e-03
5.957145933269487360e-03
6.176295346807717142e-03
6.400321764490027321e-03
6.629197726059280274e-03
6.862892175356432277e-03
7.101370052407443914e-03
7.344591848035575930e-03
7.592513118685321506e-03
7.845083959137228932e-03
8.102248430804820031e-03
8.363943943336732065e-03
8.630100587301736681e-03
8.900640415812293912e-03
9.175476673046316714e-03
9.454512967757334324e-03
9.737642390022598765e-03
1.002474656966656670e-02
1.031569467501616648e-02
1.061034235089253555e-02
1.090853059502429681e-02
1.121008457237678176e-02
1.151481236723230807e-02
1.182250367322468070e-02
1.213292842192780809e-02
1.244583535101930621e-02
1.276095051348500459e-02
1.307797572979451338e-02
1.339658698546023451e-02
1.371643277688643081e-02
1.403713240891946157e-02
1.435827424801805474e-02
1.467941393547118889e-02
1.500007256559296627e-02
1.531973483431626169e-02
1.563784716408108885e-02
1.595381581136755961e-02
1.626700496364720180e-02
1.657673483291884423e-02
1.688227975334630204e-02
1.718286629082393935e-02
1.747767137255306150e-02
1.776582044491707355e-02
1.804638566808751399e-02
1.831838415587735622e-02
1.858077626937499130e-02
1.883246397284335169e-02
1.907228926024928661e-02
1.929903266059939532e-02
1.951141182999910698e-02
1.970808023802312833e-02
1.988762595558853097e-02
2.004857055105991465e-02
2.018936810079166935e-02
2.030840431973045257e-02
2.040399581706539220e-02
2.047438948123058225e-02
2.051776199784012544e-02
2.053221950337663984e-02
