0.000000000000000000e+00
1.331009568311925266e-03
2.565740900929013631e-03
3.707908430001810411e-03
4.761211966683217417e-03
5.729329498472617369e-03
6.615910114796764128e-03
7.424567101592516490e-03
8.158871244050375227e-03
8.822344374613853152e-03
9.418453201031644698e-03
9.950603446526113532e-03
1.042213433127625599e-02
1.083631342115318544e-02
1.119633186636613889e-02
1.150530004905652576e-02
1.176624365535282844e-02
1.198210018359721803e-02
1.215571589686170913e-02
1.228984322406821185e-02
1.238713861053710764e-02
1.245016081515401898e-02
1.248136964811460796e-02
1.248312513989139304e-02
1.245768712922937053e-02
1.240721525510391117e-02
1.233376933523235540e-02
1.223931011139066383e-02
1.212570034000806131e-02
1.199470620476076471e-02
1.184799902670450288e-02
1.168715724634099458e-02
1.151366865142813486e-02
1.132893282379239877e-02
1.113426377838026317e-02
1.093089276778443780e-02
1.071997122596442427e-02
1.050257382536371083e-02
1.027970162253724097e-02
1.005228526828591366e-02
9.821188259543487190e-03
9.587210211451216435e-03
9.351090129545209031e-03
9.113509663381811829e-03
8.875096324561159919e-03
8.636426653626213049e-03
8.398029322004707184e-03
8.160388156709916935e-03
7.923945077181884095e-03
7.689102935156769472e-03
7.456228250027012623e-03
7.225653833558795189e-03
6.997681299266479173e-03
6.772583453000690333e-03
6.550606562562410334e-03
6.331972505236259895e-03
6.116880793193622649e-03
5.905510477605695543e-03
5.698021933158492480e-03
5.494558525357153694e-03
5.295248163657410335e-03
5.100204743970747530e-03
4.909529484551988093e-03
4.723312159615450541e-03
4.541632235319136013e-03
4.364559912943427079e-03
4.192157084238858251e-03
4.024478203977887268e-03
3.861571084774089498e-03
3.703477619190856732e-03
3.550234434096234421e-03
3.401873482101864209e-03
3.258422574789036213e-03
3.119905862251366735e-03
2.986344263301215617e-03
2.857755850478586445e-03
2.734156193790410107e-03
2.615558666881718283e-03
2.501974719116600594e-03
2.393414116815962677e-03
2.289885156675071538e-03
2.191394854158819783e-03
2.097949109457298688e-03
2.009552853372424328e-03
1.926210175305922588e-03
1.847924435325058257e-03
1.774698362100756615e-03
1.706534138339236119e-03
1.643433475166988789e-03
1.585397676776534011e-03
1.532427696499607823e-03
1.484524185342540230e-03
1.441687533897215157e-03
1.403917908427891907e-03
1.371215281830240633e-03
1.343579460062219351e-03
1.321010104557337464e-03
1.303506751047631270e-03
1.291068825146440358e-03
1.283695654968215576e-03
1.281386480993952593e-03
1.284140463325005119e-03
1.291956686404648752e-03
1.304834161224498103e-03
1.322771824971329894e-03
1.345768538007717811e-03
1.373823078016688307e-03
1.406934131075129792e-03
1.445100279352435442e-03
1.488319985058566500e-03
1.536591570189097021e-03
1.589913191532326981e-03
1.648282810315286487e-03
1.711698155769659536e-03
1.780156681795721845e-03
1.853655515790399383e-03
1.932191398585323154e-03
2.015760614310162756e-03
2.104358908857009366e-03
2.197981395470631396e-03
2.296622445829530745e-03
2.400275564810751012e-03
2.508933246951180508e-03
2.622586812425775626e-03
2.741226220164337535e-03
2.864839855518273078e-03
2.993414289675145213e-03
3.126934007795427982e-03
3.265381102623621332e-03
3.408734930096658615e-03
3.556971723250701434e-03
3.710064160502677452e-03
3.867980884173812320e-03
4.030685964915638707e-03
4.198138307518275297e-03
4.370290993408784685e-03
4.547090555014119892e-03
4.728476177045894124e-03
4.914378819700309861e-03
5.104720258726565436e-03
5.299412037346928374e-03
5.498354325073210105e-03
5.701434678613745075e-03
5.908526700252965738e-03
6.119488589380106536e-03
6.334161583181794133e-03
6.552368282976443747e-03
6.773910863177597282e-03
6.998569160524731152e-03
7.226098641915629402e-03
7.456228250027059461e-03
7.688658126800026332e-03
7.923057215923724056e-03
8.159060746533100192e-03
8.396267601590765711e-03
8.634237575680768148e-03
8.872488528374765371e-03
9.110493440734631840e-03
9.347677384090046643e-03
9.583414411735250230e-03
9.817024385854061092e-03
1.004776975353018943e-02
1.027485228738901461e-02
1.049740980793336179e-02
1.071451290626953406e-02
1.092516168731917127e-02
1.112828255510093720e-02
1.132272506285473754e-02
1.150725885202850095e-02
1.168057070502926537e-02
1.184126173755012564e-02
1.198784475676605878e-02
1.211874181217356336e-02
1.223228196584668845e-02
1.232669930885851167e-02
1.240013125006431127e-02
1.245061710285552854e-02
1.247609699434742113e-02
1.247441112028010828e-02
1.244329936715930784e-02
1.238040132138272346e-02
1.228325668275647570e-02
1.214930609746207174e-02
1.197589242265955332e-02
1.176026243207349727e-02
1.149956896859125229e-02
1.119087354667123654e-02
1.083114940372282252e-02
1.041728499612801402e-02
9.946087931770375423e-03
9.414289327342204722e-03
8.818548574897874803e-03
8.155458498595195491e-03
7.421550878945318286e-03
6.613302318610348764e-03
5.727140420527148182e-03
4.759450246269246454e-03
3.706581019824962010e-03
2.564853039670816296e-03
1.330564759955141793e-03
0.000000000000000000e+00
